1,1601
2,1601
3,1601
4,1601
5,1601
6,1601
7,1601
8,1601
9,1601
10,1602
11,1602
12,1602
13,1602
14,1602
15,1602
16,1602
17,1602
18,1602
19,1602
20,1603
21,1603
22,1603
23,1603
24,1603
25,1603
26,1603
27,1603
28,1603
29,1603
30,1604
31,1604
32,1604
33,1604
34,1604
35,1604
36,1604
37,1604
38,1604
39,1604
40,1605
41,1605
42,1605
43,1605
44,1605
45,1605
46,1605
47,1605
48,1605
49,1605
50,1606
51,1606
52,1606
53,1606
54,1606
55,1606
56,1606
57,1606
58,1606
59,1606
60,1607
61,1607
62,1607
63,1607
64,1607
65,1607
66,1607
67,1607
68,1607
69,1607
70,1608
71,1608
72,1608
73,1608
74,1608
75,1608
76,1608
77,1608
78,1608
79,1608
80,1609
81,1609
82,1609
83,1609
84,1609
85,1609
86,1609
87,1609
88,1609
89,1609
90,1610
91,1610
92,1610
93,1610
94,1610
95,1610
96,1610
97,1610
98,1610
99,1610
100,1611
101,1611
102,1611
103,1611
104,1611
105,1611
106,1611
107,1611
108,1611
109,1611
110,1612
111,1612
112,1612
113,1612
114,1612
115,1612
116,1612
117,1612
118,1612
119,1612
120,1613
121,1613
122,1613
123,1613
124,1613
125,1613
126,1613
127,1613
128,1613
129,1613
130,1614
131,1614
132,1614
133,1614
134,1614
135,1614
136,1614
137,1614
138,1614
139,1614
140,1615
141,1615
142,1615
143,1615
144,1615
145,1615
146,1615
147,1615
148,1615
149,1615
150,1616
151,1616
152,1616
153,1616
154,1616
155,1616
156,1616
157,1616
158,1616
159,1616
160,1617
161,1617
162,1617
163,1617
164,1617
165,1617
166,1617
167,1617
168,1617
169,1617
170,1618
171,1618
172,1618
173,1618
174,1618
175,1618
176,1618
177,1618
178,1618
179,1618
180,1619
181,1619
182,1619
183,1619
184,1619
185,1619
186,1619
187,1619
188,1619
189,1619
190,1620
191,1620
192,1620
193,1620
194,1620
195,1620
196,1620
197,1620
198,1620
199,1620
200,1621
201,1621
202,1621
203,1621
204,1621
205,1621
206,1621
207,1621
208,1621
209,1621
210,1622
211,1622
212,1622
213,1622
214,1622
215,1622
216,1622
217,1622
218,1622
219,1622
220,1623
221,1623
222,1623
223,1623
224,1623
225,1623
226,1623
227,1623
228,1623
229,1623
230,1624
231,1624
232,1624
233,1624
234,1624
235,1624
236,1624
237,1624
238,1624
239,1624
240,1625
241,1625
242,1625
243,1625
244,1625
245,1625
246,1625
247,1625
248,1625
249,1625
250,1626
251,1626
252,1626
253,1626
254,1626
255,1626
256,1626
257,1626
258,1626
259,1626
260,1627
261,1627
262,1627
263,1627
264,1627
265,1627
266,1627
267,1627
268,1627
269,1627
270,1628
271,1628
272,1628
273,1628
274,1628
275,1628
276,1628
277,1628
278,1628
279,1628
280,1629
281,1629
282,1629
283,1629
284,1629
285,1629
286,1629
287,1629
288,1629
289,1629
290,1630
291,1630
292,1630
293,1630
294,1630
295,1630
296,1630
297,1630
298,1630
299,1630
300,1631
301,1631
302,1631
303,1631
304,1631
305,1631
306,1631
307,1631
308,1631
309,1631
310,1632
311,1632
312,1632
313,1632
314,1632
315,1632
316,1632
317,1632
318,1632
319,1632
320,1633
321,1633
322,1633
323,1633
324,1633
325,1633
326,1633
327,1633
328,1633
329,1633
330,1634
331,1634
332,1634
333,1634
334,1634
335,1634
336,1634
337,1634
338,1634
339,1634
340,1635
341,1635
342,1635
343,1635
344,1635
345,1635
346,1635
347,1635
348,1635
349,1635
350,1636
351,1636
352,1636
353,1636
354,1636
355,1636
356,1636
357,1636
358,1636
359,1636
360,1637
361,1637
362,1637
363,1637
364,1637
365,1637
366,1637
367,1637
368,1637
369,1637
370,1638
371,1638
372,1638
373,1638
374,1638
375,1638
376,1638
377,1638
378,1638
379,1638
380,1639
381,1639
382,1639
383,1639
384,1639
385,1639
386,1639
387,1639
388,1639
389,1639
390,1640
391,1640
392,1640
393,1640
394,1640
395,1640
396,1640
397,1640
398,1640
399,1640
400,1641
401,1641
402,1641
403,1641
404,1641
405,1641
406,1641
407,1641
408,1641
409,1641
410,1642
411,1642
412,1642
413,1642
414,1642
415,1642
416,1642
417,1642
418,1642
419,1642
420,1643
421,1643
422,1643
423,1643
424,1643
425,1643
426,1643
427,1643
428,1643
429,1643
430,1644
431,1644
432,1644
433,1644
434,1644
435,1644
436,1644
437,1644
438,1644
439,1644
440,1645
441,1645
442,1645
443,1645
444,1645
445,1645
446,1645
447,1645
448,1645
449,1645
450,1646
451,1646
452,1646
453,1646
454,1646
455,1646
456,1646
457,1646
458,1646
459,1646
460,1647
461,1647
462,1647
463,1647
464,1647
465,1647
466,1647
467,1647
468,1647
469,1647
470,1648
471,1648
472,1648
473,1648
474,1648
475,1648
476,1648
477,1648
478,1648
479,1648
480,1649
481,1649
482,1649
483,1649
484,1649
485,1649
486,1649
487,1649
488,1649
489,1649
490,1650
491,1650
492,1650
493,1650
494,1650
495,1650
496,1650
497,1650
498,1650
499,1650
500,1651
501,1651
502,1651
503,1651
504,1651
505,1651
506,1651
507,1651
508,1651
509,1651
510,1652
511,1652
512,1652
513,1652
514,1652
515,1652
516,1652
517,1652
518,1652
519,1652
520,1653
521,1653
522,1653
523,1653
524,1653
525,1653
526,1653
527,1653
528,1653
529,1653
530,1654
531,1654
532,1654
533,1654
534,1654
535,1654
536,1654
537,1654
538,1654
539,1654
540,1655
541,1655
542,1655
543,1655
544,1655
545,1655
546,1655
547,1655
548,1655
549,1655
550,1656
551,1656
552,1656
553,1656
554,1656
555,1656
556,1656
557,1656
558,1656
559,1656
560,1657
561,1657
562,1657
563,1657
564,1657
565,1657
566,1657
567,1657
568,1657
569,1657
570,1658
571,1658
572,1658
573,1658
574,1658
575,1658
576,1658
577,1658
578,1658
579,1658
580,1659
581,1659
582,1659
583,1659
584,1659
585,1659
586,1659
587,1659
588,1659
589,1659
590,1660
591,1660
592,1660
593,1660
594,1660
595,1660
596,1660
597,1660
598,1660
599,1660
600,1661
601,1661
602,1661
603,1661
604,1661
605,1661
606,1661
607,1661
608,1661
609,1661
610,1662
611,1662
612,1662
613,1662
614,1662
615,1662
616,1662
617,1662
618,1662
619,1662
620,1663
621,1663
622,1663
623,1663
624,1663
625,1663
626,1663
627,1663
628,1663
629,1663
630,1664
631,1664
632,1664
633,1664
634,1664
635,1664
636,1664
637,1664
638,1664
639,1664
640,1665
641,1665
642,1665
643,1665
644,1665
645,1665
646,1665
647,1665
648,1665
649,1665
650,1666
651,1666
652,1666
653,1666
654,1666
655,1666
656,1666
657,1666
658,1666
659,1666
660,1667
661,1667
662,1667
663,1667
664,1667
665,1667
666,1667
667,1667
668,1667
669,1667
670,1668
671,1668
672,1668
673,1668
674,1668
675,1668
676,1668
677,1668
678,1668
679,1668
680,1669
681,1669
682,1669
683,1669
684,1669
685,1669
686,1669
687,1669
688,1669
689,1669
690,1670
691,1670
692,1670
693,1670
694,1670
695,1670
696,1670
697,1670
698,1670
699,1670
700,1671
701,1671
702,1671
703,1671
704,1671
705,1671
706,1671
707,1671
708,1671
709,1671
710,1672
711,1672
712,1672
713,1672
714,1672
715,1672
716,1672
717,1672
718,1672
719,1672
720,1673
721,1673
722,1673
723,1673
724,1673
725,1673
726,1673
727,1673
728,1673
729,1673
730,1674
731,1674
732,1674
733,1674
734,1674
735,1674
736,1674
737,1674
738,1674
739,1674
740,1675
741,1675
742,1675
743,1675
744,1675
745,1675
746,1675
747,1675
748,1675
749,1675
750,1676
751,1676
752,1676
753,1676
754,1676
755,1676
756,1676
757,1676
758,1676
759,1676
760,1677
761,1677
762,1677
763,1677
764,1677
765,1677
766,1677
767,1677
768,1677
769,1677
770,1678
771,1678
772,1678
773,1678
774,1678
775,1678
776,1678
777,1678
778,1678
779,1678
780,1679
781,1679
782,1679
783,1679
784,1679
785,1679
786,1679
787,1679
788,1679
789,1679
790,1680
791,1680
792,1680
793,1680
794,1680
795,1680
796,1680
797,1680
798,1680
799,1680
800,1681
801,1681
802,1681
803,1681
804,1681
805,1681
806,1681
807,1681
808,1681
809,1681
810,1682
811,1682
812,1682
813,1682
814,1682
815,1682
816,1682
817,1682
818,1682
819,1682
820,1683
821,1683
822,1683
823,1683
824,1683
825,1683
826,1683
827,1683
828,1683
829,1683
830,1684
831,1684
832,1684
833,1684
834,1684
835,1684
836,1684
837,1684
838,1684
839,1684
840,1685
841,1685
842,1685
843,1685
844,1685
845,1685
846,1685
847,1685
848,1685
849,1685
850,1686
851,1686
852,1686
853,1686
854,1686
855,1686
856,1686
857,1686
858,1686
859,1686
860,1687
861,1687
862,1687
863,1687
864,1687
865,1687
866,1687
867,1687
868,1687
869,1687
870,1688
871,1688
872,1688
873,1688
874,1688
875,1688
876,1688
877,1688
878,1688
879,1688
880,1689
881,1689
882,1689
883,1689
884,1689
885,1689
886,1689
887,1689
888,1689
889,1689
890,1690
891,1690
892,1690
893,1690
894,1690
895,1690
896,1690
897,1690
898,1690
899,1690
900,1691
901,1691
902,1691
903,1691
904,1691
905,1691
906,1691
907,1691
908,1691
909,1691
910,1692
911,1692
912,1692
913,1692
914,1692
915,1692
916,1692
917,1692
918,1692
919,1692
920,1693
921,1693
922,1693
923,1693
924,1693
925,1693
926,1693
927,1693
928,1693
929,1693
930,1694
931,1694
932,1694
933,1694
934,1694
935,1694
936,1694
937,1694
938,1694
939,1694
940,1695
941,1695
942,1695
943,1695
944,1695
945,1695
946,1695
947,1695
948,1695
949,1695
950,1696
951,1696
952,1696
953,1696
954,1696
955,1696
956,1696
957,1696
958,1696
959,1696
960,1697
961,1697
962,1697
963,1697
964,1697
965,1697
966,1697
967,1697
968,1697
969,1697
970,1698
971,1698
972,1698
973,1698
974,1698
975,1698
976,1698
977,1698
978,1698
979,1698
980,1699
981,1699
982,1699
983,1699
984,1699
985,1699
986,1699
987,1699
988,1699
989,1699
990,1700
991,1700
992,1700
993,1700
994,1700
995,1700
996,1700
997,1700
998,1700
999,1700
1000,1701
1001,1701
1002,1701
1003,1701
1004,1701
1005,1701
1006,1701
1007,1701
1008,1701
1009,1701
1010,1702
1011,1702
1012,1702
1013,1702
1014,1702
1015,1702
1016,1702
1017,1702
1018,1702
1019,1702
1020,1703
1021,1703
1022,1703
1023,1703
1024,1703
1025,1703
1026,1703
1027,1703
1028,1703
1029,1703
1030,1704
1031,1704
1032,1704
1033,1704
1034,1704
1035,1704
1036,1704
1037,1704
1038,1704
1039,1704
1040,1705
1041,1705
1042,1705
1043,1705
1044,1705
1045,1705
1046,1705
1047,1705
1048,1705
1049,1705
1050,1706
1051,1706
1052,1706
1053,1706
1054,1706
1055,1706
1056,1706
1057,1706
1058,1706
1059,1706
1060,1707
1061,1707
1062,1707
1063,1707
1064,1707
1065,1707
1066,1707
1067,1707
1068,1707
1069,1707
1070,1708
1071,1708
1072,1708
1073,1708
1074,1708
1075,1708
1076,1708
1077,1708
1078,1708
1079,1708
1080,1709
1081,1709
1082,1709
1083,1709
1084,1709
1085,1709
1086,1709
1087,1709
1088,1709
1089,1709
1090,1710
1091,1710
1092,1710
1093,1710
1094,1710
1095,1710
1096,1710
1097,1710
1098,1710
1099,1710
1100,1711
1101,1711
1102,1711
1103,1711
1104,1711
1105,1711
1106,1711
1107,1711
1108,1711
1109,1711
1110,1712
1111,1712
1112,1712
1113,1712
1114,1712
1115,1712
1116,1712
1117,1712
1118,1712
1119,1712
1120,1713
1121,1713
1122,1713
1123,1713
1124,1713
1125,1713
1126,1713
1127,1713
1128,1713
1129,1713
1130,1714
1131,1714
1132,1714
1133,1714
1134,1714
1135,1714
1136,1714
1137,1714
1138,1714
1139,1714
1140,1715
1141,1715
1142,1715
1143,1715
1144,1715
1145,1715
1146,1715
1147,1715
1148,1715
1149,1715
1150,1716
1151,1716
1152,1716
1153,1716
1154,1716
1155,1716
1156,1716
1157,1716
1158,1716
1159,1716
1160,1717
1161,1717
1162,1717
1163,1717
1164,1717
1165,1717
1166,1717
1167,1717
1168,1717
1169,1717
1170,1718
1171,1718
1172,1718
1173,1718
1174,1718
1175,1718
1176,1718
1177,1718
1178,1718
1179,1718
1180,1719
1181,1719
1182,1719
1183,1719
1184,1719
1185,1719
1186,1719
1187,1719
1188,1719
1189,1719
1190,1720
1191,1720
1192,1720
1193,1720
1194,1720
1195,1720
1196,1720
1197,1720
1198,1720
1199,1720
1200,1721
1201,1721
1202,1721
1203,1721
1204,1721
1205,1721
1206,1721
1207,1721
1208,1721
1209,1721
1210,1722
1211,1722
1212,1722
1213,1722
1214,1722
1215,1722
1216,1722
1217,1722
1218,1722
1219,1722
1220,1723
1221,1723
1222,1723
1223,1723
1224,1723
1225,1723
1226,1723
1227,1723
1228,1723
1229,1723
1230,1724
1231,1724
1232,1724
1233,1724
1234,1724
1235,1724
1236,1724
1237,1724
1238,1724
1239,1724
1240,1725
1241,1725
1242,1725
1243,1725
1244,1725
1245,1725
1246,1725
1247,1725
1248,1725
1249,1725
1250,1726
1251,1726
1252,1726
1253,1726
1254,1726
1255,1726
1256,1726
1257,1726
1258,1726
1259,1726
1260,1727
1261,1727
1262,1727
1263,1727
1264,1727
1265,1727
1266,1727
1267,1727
1268,1727
1269,1727
1270,1728
1271,1728
1272,1728
1273,1728
1274,1728
1275,1728
1276,1728
1277,1728
1278,1728
1279,1728
1280,1729
1281,1729
1282,1729
1283,1729
1284,1729
1285,1729
1286,1729
1287,1729
1288,1729
1289,1729
1290,1730
1291,1730
1292,1730
1293,1730
1294,1730
1295,1730
1296,1730
1297,1730
1298,1730
1299,1730
1300,1731
1301,1731
1302,1731
1303,1731
1304,1731
1305,1731
1306,1731
1307,1731
1308,1731
1309,1731
1310,1732
1311,1732
1312,1732
1313,1732
1314,1732
1315,1732
1316,1732
1317,1732
1318,1732
1319,1732
1320,1733
1321,1733
1322,1733
1323,1733
1324,1733
1325,1733
1326,1733
1327,1733
1328,1733
1329,1733
1330,1734
1331,1734
1332,1734
1333,1734
1334,1734
1335,1734
1336,1734
1337,1734
1338,1734
1339,1734
1340,1735
1341,1735
1342,1735
1343,1735
1344,1735
1345,1735
1346,1735
1347,1735
1348,1735
1349,1735
1350,1736
1351,1736
1352,1736
1353,1736
1354,1736
1355,1736
1356,1736
1357,1736
1358,1736
1359,1736
1360,1737
1361,1737
1362,1737
1363,1737
1364,1737
1365,1737
1366,1737
1367,1737
1368,1737
1369,1737
1370,1738
1371,1738
1372,1738
1373,1738
1374,1738
1375,1738
1376,1738
1377,1738
1378,1738
1379,1738
1380,1739
1381,1739
1382,1739
1383,1739
1384,1739
1385,1739
1386,1739
1387,1739
1388,1739
1389,1739
1390,1740
1391,1740
1392,1740
1393,1740
1394,1740
1395,1740
1396,1740
1397,1740
1398,1740
1399,1740
1400,1741
1401,1741
1402,1741
1403,1741
1404,1741
1405,1741
1406,1741
1407,1741
1408,1741
1409,1741
1410,1742
1411,1742
1412,1742
1413,1742
1414,1742
1415,1742
1416,1742
1417,1742
1418,1742
1419,1742
1420,1743
1421,1743
1422,1743
1423,1743
1424,1743
1425,1743
1426,1743
1427,1743
1428,1743
1429,1743
1430,1744
1431,1744
1432,1744
1433,1744
1434,1744
1435,1744
1436,1744
1437,1744
1438,1744
1439,1744
1440,1745
1441,1745
1442,1745
1443,1745
1444,1745
1445,1745
1446,1745
1447,1745
1448,1745
1449,1745
1450,1746
1451,1746
1452,1746
1453,1746
1454,1746
1455,1746
1456,1746
1457,1746
1458,1746
1459,1746
1460,1747
1461,1747
1462,1747
1463,1747
1464,1747
1465,1747
1466,1747
1467,1747
1468,1747
1469,1747
1470,1748
1471,1748
1472,1748
1473,1748
1474,1748
1475,1748
1476,1748
1477,1748
1478,1748
1479,1748
1480,1749
1481,1749
1482,1749
1483,1749
1484,1749
1485,1749
1486,1749
1487,1749
1488,1749
1489,1749
1490,1750
1491,1750
1492,1750
1493,1750
1494,1750
1495,1750
1496,1750
1497,1750
1498,1750
1499,1750
1500,1751
1501,1751
1502,1751
1503,1751
1504,1751
1505,1751
1506,1751
1507,1751
1508,1751
1509,1751
1510,1752
1511,1752
1512,1752
1513,1752
1514,1752
1515,1752
1516,1752
1517,1752
1518,1752
1519,1752
1520,1753
1521,1753
1522,1753
1523,1753
1524,1753
1525,1753
1526,1753
1527,1753
1528,1753
1529,1753
1530,1754
1531,1754
1532,1754
1533,1754
1534,1754
1535,1754
1536,1754
1537,1754
1538,1754
1539,1754
1540,1755
1541,1755
1542,1755
1543,1755
1544,1755
1545,1755
1546,1755
1547,1755
1548,1755
1549,1755
1550,1756
1551,1756
1552,1756
1553,1756
1554,1756
1555,1756
1556,1756
1557,1756
1558,1756
1559,1756
1601,1801
1602,1801
1603,1801
1604,1801
1605,1801
1606,1801
1607,1801
1608,1801
1609,1801
1610,1801
1611,1802
1612,1802
1613,1802
1614,1802
1615,1802
1616,1802
1617,1802
1618,1802
1619,1802
1620,1802
1621,1803
1622,1803
1623,1803
1624,1803
1625,1803
1626,1803
1627,1803
1628,1803
1629,1803
1630,1803
1631,1804
1632,1804
1633,1804
1634,1804
1635,1804
1636,1804
1637,1804
1638,1804
1639,1804
1640,1804
1641,1805
1642,1805
1643,1805
1644,1805
1645,1805
1646,1805
1647,1805
1648,1805
1649,1805
1650,1805
1651,1806
1652,1806
1653,1806
1654,1806
1655,1806
1656,1806
1657,1806
1658,1806
1659,1806
1660,1806
1661,1807
1662,1807
1663,1807
1664,1807
1665,1807
1666,1807
1667,1807
1668,1807
1669,1807
1670,1807
1671,1808
1672,1808
1673,1808
1674,1808
1675,1808
1676,1808
1677,1808
1678,1808
1679,1808
1680,1808
1681,1809
1682,1809
1683,1809
1684,1809
1685,1809
1686,1809
1687,1809
1688,1809
1689,1809
1690,1809
1691,1810
1692,1810
1693,1810
1694,1810
1695,1810
1696,1810
1697,1810
1698,1810
1699,1810
1700,1810
1701,1811
1702,1811
1703,1811
1704,1811
1705,1811
1706,1811
1707,1811
1708,1811
1709,1811
1710,1811
1711,1812
1712,1812
1713,1812
1714,1812
1715,1812
1716,1812
1717,1812
1718,1812
1719,1812
1720,1812
1721,1813
1722,1813
1723,1813
1724,1813
1725,1813
1726,1813
1727,1813
1728,1813
1729,1813
1730,1813
1731,1814
1732,1814
1733,1814
1734,1814
1735,1814
1736,1814
1737,1814
1738,1814
1739,1814
1740,1814
1741,1815
1742,1815
1743,1815
1744,1815
1745,1815
1746,1815
1747,1815
1748,1815
1749,1815
1750,1815
1751,1816
1752,1816
1753,1816
1754,1816
1755,1816
1756,1816
